4.441E+06	7.479	10.13	44.7
4.935E+06	8.312	10.13	49.91
5.429E+06	9.143	10.13	55.12
5.922E+06	9.973	10.13	60.32
6.414E+06	10.8	10.14	65.53
6.906E+06	11.63	10.14	70.74
7.397E+06	12.46	10.14	75.94
7.888E+06	13.29	10.14	81.15
8.379E+06	14.11	10.14	86.36
8.870E+06	14.94	10.14	91.56
9.360E+06	15.76	10.14	96.77
9.850E+06	16.59	10.14	102
1.034E+07	17.41	10.14	107.2
1.083E+07	18.24	10.14	112.4
1.132E+07	19.06	10.14	117.6
1.181E+07	19.89	10.14	122.8
1.230E+07	20.71	10.14	128
1.279E+07	21.54	10.14	133.2
1.328E+07	22.36	10.14	138.4
1.377E+07	23.19	10.15	143.6
1.426E+07	24.01	10.15	148.8
1.475E+07	24.83	10.15	154
1.523E+07	25.66	10.15	159.2
1.572E+07	26.48	10.15	164.5
1.621E+07	27.31	10.15	169.7
1.670E+07	28.13	10.15	174.9
1.719E+07	28.96	10.15	180.1
1.768E+07	29.78	10.15	185.3
1.817E+07	30.6	10.16	190.5
1.866E+07	31.43	10.16	195.7
1.915E+07	32.25	10.16	200.9
1.964E+07	33.08	10.16	206.1
2.013E+07	33.91	10.16	211.3
2.062E+07	34.73	10.16	216.5
2.111E+07	35.56	10.16	221.7
2.160E+07	36.38	10.17	226.9
2.209E+07	37.21	10.17	232.1
2.258E+07	38.04	10.17	237.3
2.308E+07	38.86	10.17	242.6
2.357E+07	39.69	10.17	247.8
2.406E+07	40.52	10.17	253
2.455E+07	41.34	10.18	258.2
2.504E+07	42.17	10.18	263.4
2.553E+07	43	10.18	268.6
2.602E+07	43.83	10.18	273.8
2.652E+07	44.66	10.18	279
2.701E+07	45.49	10.18	284.2
2.750E+07	46.32	10.19	289.4
2.800E+07	47.15	10.19	294.6
2.849E+07	47.98	10.19	299.8
2.898E+07	48.81	10.19	305
2.948E+07	49.64	10.19	310.2
2.997E+07	50.47	10.2	315.4
3.046E+07	51.31	10.2	320.6
3.096E+07	52.14	10.2	325.9
3.145E+07	52.97	10.2	331.1
3.195E+07	53.81	10.21	336.3
3.244E+07	54.64	10.21	341.5
3.294E+07	55.47	10.21	346.7
3.343E+07	56.31	10.21	351.9
3.393E+07	57.15	10.21	357.1
3.443E+07	57.98	10.22	362.3
3.492E+07	58.82	10.22	367.5
3.542E+07	59.66	10.22	372.7
3.592E+07	60.49	10.22	377.9
3.642E+07	61.33	10.23	383.1
3.691E+07	62.17	10.23	388.3
3.741E+07	63.01	10.23	393.5
3.791E+07	63.85	10.24	398.7
3.841E+07	64.69	10.24	404
3.891E+07	65.53	10.24	409.2
3.941E+07	66.37	10.24	414.4
3.991E+07	67.22	10.25	419.6
4.041E+07	68.06	10.25	424.8
4.091E+07	68.9	10.25	430
4.141E+07	69.75	10.25	435.2
4.192E+07	70.59	10.26	440.4
4.242E+07	71.44	10.26	445.6
4.292E+07	72.29	10.26	450.8
4.342E+07	73.13	10.27	456
4.393E+07	73.98	10.27	461.2
4.443E+07	74.83	10.27	466.4
4.494E+07	75.68	10.28	471.6
4.544E+07	76.53	10.28	476.8
4.595E+07	77.38	10.28	482
4.645E+07	78.23	10.29	487.3
4.696E+07	79.08	10.29	492.5
4.746E+07	79.94	10.29	497.7
4.797E+07	80.79	10.3	502.9
4.848E+07	81.65	10.3	508.1
4.899E+07	82.5	10.3	513.3
4.949E+07	83.36	10.31	518.5
5.000E+07	84.21	10.31	523.7
5.051E+07	85.07	10.31	528.9
5.102E+07	85.93	10.32	534.1
5.153E+07	86.79	10.32	539.3
5.204E+07	87.65	10.32	544.5
5.256E+07	88.51	10.33	549.7
5.307E+07	89.37	10.33	554.9
5.358E+07	90.24	10.34	560.1
5.409E+07	91.1	10.34	565.4
5.461E+07	91.97	10.34	570.6
5.512E+07	92.83	10.35	575.8
5.563E+07	93.7	10.35	581
5.615E+07	94.57	10.35	586.2
5.666E+07	95.43	10.36	591.4
5.718E+07	96.3	10.36	596.6
5.770E+07	97.17	10.37	601.8
5.822E+07	98.04	10.37	607
5.873E+07	98.92	10.37	612.2
5.925E+07	99.79	10.38	617.4
5.977E+07	100.7	10.38	622.6
6.029E+07	101.5	10.39	627.8
6.081E+07	102.4	10.39	633
6.133E+07	103.3	10.4	638.2
6.185E+07	104.2	10.4	643.5
6.237E+07	105	10.4	648.7
6.290E+07	105.9	10.41	653.9
6.342E+07	106.8	10.41	659.1
6.394E+07	107.7	10.42	664.3
6.447E+07	108.6	10.42	669.5
6.499E+07	109.5	10.43	674.7
6.552E+07	110.3	10.43	679.9
6.605E+07	111.2	10.44	685.1
6.657E+07	112.1	10.44	690.3
6.710E+07	113	10.45	695.5
6.763E+07	113.9	10.45	700.7
6.816E+07	114.8	10.45	705.9
6.869E+07	115.7	10.46	711.1
6.922E+07	116.6	10.46	716.3
6.975E+07	117.5	10.47	721.5
7.028E+07	118.4	10.47	726.8
7.081E+07	119.3	10.48	732
7.135E+07	120.2	10.48	737.2
7.188E+07	121.1	10.49	742.4
7.241E+07	122	10.49	747.6
7.295E+07	122.9	10.5	752.8
7.348E+07	123.8	10.5	758
7.402E+07	124.7	10.51	763.2
7.456E+07	125.6	10.51	768.4
7.510E+07	126.5	10.52	773.6
7.563E+07	127.4	10.52	778.8
7.617E+07	128.3	10.53	784
7.671E+07	129.2	10.54	789.2
7.726E+07	130.1	10.54	794.4
7.780E+07	131	10.55	799.6
7.834E+07	131.9	10.55	804.9
7.888E+07	132.9	10.56	810.1
7.943E+07	133.8	10.56	815.3
7.997E+07	134.7	10.57	820.5
8.052E+07	135.6	10.57	825.7
8.106E+07	136.5	10.58	830.9
8.161E+07	137.4	10.58	836.1
8.216E+07	138.4	10.59	841.3
8.271E+07	139.3	10.6	846.5
8.326E+07	140.2	10.6	851.7
8.381E+07	141.1	10.61	856.9
8.436E+07	142.1	10.61	862.1
8.491E+07	143	10.62	867.3
8.546E+07	143.9	10.62	872.5
8.602E+07	144.9	10.63	877.7
8.657E+07	145.8	10.64	882.9
8.713E+07	146.7	10.64	888.2
8.768E+07	147.7	10.65	893.4
8.824E+07	148.6	10.65	898.6
8.880E+07	149.6	10.66	903.8
8.936E+07	150.5	10.67	909
8.992E+07	151.4	10.67	914.2
9.048E+07	152.4	10.68	919.4
9.104E+07	153.3	10.69	924.6
9.160E+07	154.3	10.69	929.8
9.216E+07	155.2	10.7	935
9.273E+07	156.2	10.7	940.2
9.329E+07	157.1	10.71	945.4
9.386E+07	158.1	10.72	950.6
9.443E+07	159	10.72	955.8
9.499E+07	160	10.73	961
9.556E+07	160.9	10.74	966.3
9.613E+07	161.9	10.74	971.5
9.670E+07	162.9	10.75	976.7
9.727E+07	163.8	10.76	981.9
9.785E+07	164.8	10.76	987.1
9.842E+07	165.8	10.77	992.3
9.899E+07	166.7	10.78	997.5
9.957E+07	167.7	10.78	1003
1.001E+08	168.7	10.79	1008
1.007E+08	169.6	10.8	1013
1.013E+08	170.6	10.8	1018
1.019E+08	171.6	10.81	1024
1.025E+08	172.6	10.82	1029
1.030E+08	173.5	10.82	1034
1.036E+08	174.5	10.83	1039
1.042E+08	175.5	10.84	1044
1.048E+08	176.5	10.84	1050
1.054E+08	177.5	10.85	1055
1.060E+08	178.5	10.86	1060
1.065E+08	179.4	10.87	1065
1.071E+08	180.4	10.87	1070
1.077E+08	181.4	10.88	1076
1.083E+08	182.4	10.89	1081
1.089E+08	183.4	10.89	1086
1.095E+08	184.4	10.9	1091
1.101E+08	185.4	10.91	1096
1.107E+08	186.4	10.92	1102
1.113E+08	187.4	10.92	1107
1.119E+08	188.4	10.93	1112
1.125E+08	189.4	10.94	1117
1.131E+08	190.4	10.95	1122
1.137E+08	191.4	10.95	1128
1.143E+08	192.5	10.96	1133
1.149E+08	193.5	10.97	1138
1.155E+08	194.5	10.98	1143
1.161E+08	195.5	10.99	1148
1.167E+08	196.5	10.99	1154
1.173E+08	197.5	11	1159
1.179E+08	198.6	11.01	1164
1.185E+08	199.6	11.02	1169
1.191E+08	200.6	11.02	1175
1.197E+08	201.6	11.03	1180
1.203E+08	202.7	11.04	1185
1.209E+08	203.7	11.05	1190
1.216E+08	204.7	11.06	1195
1.222E+08	205.8	11.06	1201
1.228E+08	206.8	11.07	1206
1.234E+08	207.8	11.08	1211
1.240E+08	208.9	11.09	1216
1.246E+08	209.9	11.1	1221
1.253E+08	211	11.11	1227
1.259E+08	212	11.11	1232
1.265E+08	213.1	11.12	1237
1.271E+08	214.1	11.13	1242
1.278E+08	215.2	11.14	1247
1.284E+08	216.2	11.15	1253
1.290E+08	217.3	11.16	1258
1.296E+08	218.3	11.16	1263
1.303E+08	219.4	11.17	1268
1.309E+08	220.5	11.18	1273
1.315E+08	221.5	11.19	1279
1.322E+08	222.6	11.2	1284
1.328E+08	223.7	11.21	1289
1.334E+08	224.7	11.22	1294
1.341E+08	225.8	11.22	1299
1.347E+08	226.9	11.23	1305
1.354E+08	228	11.24	1310
1.360E+08	229.1	11.25	1315
1.366E+08	230.1	11.26	1320
1.373E+08	231.2	11.27	1326
1.379E+08	232.3	11.28	1331
1.386E+08	233.4	11.29	1336
1.392E+08	234.5	11.3	1341
